kinematics:
  shoulder:
    x: 0
    y: 0
    z: 0.1626570124711802
    roll: -0
    pitch: 0
    yaw: -3.21653775281483e-08
  upper_arm:
    x: 0.000116760998858875
    y: 0
    z: 0
    roll: 1.570767723504312
    pitch: 0
    yaw: 5.393020299621283e-07
  forearm:
    x: -0.4250526744595634
    y: 0
    z: 0
    roll: 0.002507591561620291
    pitch: -0.0003819840741474769
    yaw: 8.457996357826722e-07
  wrist_1:
    x: -0.3925827348880664
    y: -0.0001032975479143049
    z: 0.1331930180855724
    roll: 0.0007755476126959751
    pitch: -0.0004882162390196501
    yaw: 1.995625884113157e-06
  wrist_2:
    x: 2.754438994308506e-05
    y: -0.09975553901569501
    z: 3.460827450672219e-05
    roll: 1.570449395953164
    pitch: 0
    yaw: 3.987731284547457e-06
  wrist_3:
    x: 4.883341554674338e-05
    y: 0.09958609460398551
    z: 4.487760149489757e-05
    roll: 1.571246968007763
    pitch: 3.141592653589793
    yaw: -3.141592558383449
  hash: calib_17865578942343402622